0
432.500000010000
87.5000000100000
520
175
607.500000000000
260.000000010000
692.500000000000
347.500000000000
0
432.500000010000
87.5000000100000
520
175
607.500000000000
260.000000010000
692.500000000000
347.500000000000
0
432.500000010000
87.5000000100000
520
175
607.500000000000
260.000000010000
692.500000000000
347.500000000000
0
432.500000010000
87.5000000100000
520
175
607.500000000000
260.000000010000
692.500000000000
347.500000000000
0
432.500000010000
87.5000000100000
520
175
607.500000000000
260.000000010000
692.500000000000
347.500000000000
0
432.500000010000
87.5000000100000
520
175
607.500000000000
260.000000010000
692.500000000000
347.500000000000
0
432.500000010000
87.5000000100000
520
175
607.500000000000
260.000000010000
692.500000000000
347.500000000000
0
432.500000010000
87.5000000100000
520
175
607.500000000000
260.000000010000
692.500000000000
347.500000000000